0	:	(	0	,	0	,	0	),
1	:	(	255	,	212	,	0	),
2	:	(	255	,	38	,	38	),
3	:	(	0	,	169	,	230	),
4	:	(	255	,	158	,	15	),
5	:	(	38	,	115	,	0	),
6	:	(	255	,	255	,	0	),
7	:	(	0	,	0	,	0	),
8	:	(	0	,	0	,	0	),
9	:	(	0	,	0	,	0	),
10	:	(	112	,	168	,	0	),
11	:	(	0	,	175	,	77	),
12	:	(	224	,	166	,	15	),
13	:	(	224	,	166	,	15	),
14	:	(	128	,	212	,	255	),
15	:	(	0	,	0	,	0	),
16	:	(	0	,	0	,	0	),
17	:	(	0	,	0	,	0	),
18	:	(	0	,	0	,	0	),
19	:	(	0	,	0	,	0	),
20	:	(	0	,	0	,	0	),
21	:	(	226	,	0	,	127	),
22	:	(	138	,	100	,	83	),
23	:	(	217	,	181	,	108	),
24	:	(	168	,	112	,	0	),
25	:	(	214	,	157	,	188	),
26	:	(	115	,	115	,	0	),
27	:	(	174	,	1	,	126	),
28	:	(	161	,	88	,	137	),
29	:	(	115	,	0	,	76	),
30	:	(	214	,	157	,	188	),
31	:	(	209	,	255	,	0	),
32	:	(	128	,	153	,	255	),
33	:	(	214	,	214	,	0	),
34	:	(	209	,	255	,	0	),
35	:	(	0	,	175	,	77	),
36	:	(	255	,	168	,	227	),
37	:	(	165	,	245	,	141	),
38	:	(	0	,	175	,	77	),
39	:	(	214	,	157	,	188	),
40	:	(	0	,	0	,	0	),
41	:	(	169	,	0	,	230	),
42	:	(	168	,	0	,	0	),
43	:	(	115	,	38	,	0	),
44	:	(	0	,	175	,	77	),
45	:	(	179	,	128	,	255	),
46	:	(	115	,	38	,	0	),
47	:	(	255	,	102	,	102	),
48	:	(	255	,	102	,	102	),
49	:	(	255	,	204	,	102	),
50	:	(	255	,	102	,	102	),
51	:	(	0	,	175	,	77	),
52	:	(	0	,	222	,	176	),
53	:	(	85	,	255	,	0	),
54	:	(	245	,	162	,	122	),
55	:	(	255	,	102	,	102	),
56	:	(	0	,	175	,	77	),
57	:	(	128	,	212	,	255	),
58	:	(	232	,	190	,	255	),
59	:	(	178	,	255	,	222	),
60	:	(	0	,	175	,	77	),
61	:	(	191	,	191	,	122	),
62	:	(	0	,	0	,	0	),
63	:	(	149	,	206	,	147	),
64	:	(	199	,	215	,	158	),
65	:	(	204	,	191	,	163	),
66	:	(	255	,	0	,	255	),
67	:	(	255	,	145	,	171	),
68	:	(	185	,	0	,	80	),
69	:	(	112	,	68	,	137	),
70	:	(	0	,	120	,	120	),
71	:	(	179	,	156	,	112	),
72	:	(	255	,	255	,	128	),
73	:	(	0	,	0	,	0	),
74	:	(	182	,	112	,	92	),
75	:	(	0	,	168	,	132	),
76	:	(	235	,	214	,	176	),
77	:	(	179	,	156	,	112	),
78	:	(	0	,	0	,	0	),
79	:	(	0	,	0	,	0	),
80	:	(	0	,	0	,	0	),
81	:	(	247	,	247	,	247	),
82	:	(	156	,	156	,	156	),
83	:	(	77	,	112	,	163	),
84	:	(	0	,	0	,	0	),
85	:	(	0	,	0	,	0	),
86	:	(	0	,	0	,	0	),
87	:	(	128	,	179	,	179	),
88	:	(	233	,	255	,	190	),
89	:	(	0	,	0	,	0	),
90	:	(	0	,	0	,	0	),
91	:	(	0	,	0	,	0	),
92	:	(	0	,	255	,	255	),
93	:	(	0	,	0	,	0	),
94	:	(	0	,	0	,	0	),
95	:	(	0	,	0	,	0	),
96	:	(	0	,	0	,	0	),
97	:	(	0	,	0	,	0	),
98	:	(	0	,	0	,	0	),
99	:	(	0	,	0	,	0	),
100	:	(	0	,	0	,	0	),
101	:	(	0	,	0	,	0	),
102	:	(	0	,	0	,	0	),
103	:	(	0	,	0	,	0	),
104	:	(	0	,	0	,	0	),
105	:	(	0	,	0	,	0	),
106	:	(	0	,	0	,	0	),
107	:	(	0	,	0	,	0	),
108	:	(	0	,	0	,	0	),
109	:	(	0	,	0	,	0	),
110	:	(	0	,	0	,	0	),
111	:	(	77	,	112	,	163	),
112	:	(	212	,	227	,	252	),
113	:	(	0	,	0	,	0	),
114	:	(	0	,	0	,	0	),
115	:	(	0	,	0	,	0	),
116	:	(	0	,	0	,	0	),
117	:	(	0	,	0	,	0	),
118	:	(	0	,	0	,	0	),
119	:	(	0	,	0	,	0	),
120	:	(	0	,	0	,	0	),
121	:	(	156	,	156	,	156	),
122	:	(	156	,	156	,	156	),
123	:	(	156	,	156	,	156	),
124	:	(	156	,	156	,	156	),
125	:	(	0	,	0	,	0	),
126	:	(	0	,	0	,	0	),
127	:	(	0	,	0	,	0	),
128	:	(	0	,	0	,	0	),
129	:	(	0	,	0	,	0	),
130	:	(	0	,	0	,	0	),
131	:	(	204	,	191	,	163	),
132	:	(	0	,	0	,	0	),
133	:	(	0	,	0	,	0	),
134	:	(	0	,	0	,	0	),
135	:	(	0	,	0	,	0	),
136	:	(	0	,	0	,	0	),
137	:	(	0	,	0	,	0	),
138	:	(	0	,	0	,	0	),
139	:	(	0	,	0	,	0	),
140	:	(	0	,	0	,	0	),
141	:	(	149	,	206	,	147	),
142	:	(	149	,	206	,	147	),
143	:	(	149	,	206	,	147	),
144	:	(	0	,	0	,	0	),
145	:	(	0	,	0	,	0	),
146	:	(	0	,	0	,	0	),
147	:	(	0	,	0	,	0	),
148	:	(	0	,	0	,	0	),
149	:	(	0	,	0	,	0	),
150	:	(	0	,	0	,	0	),
151	:	(	0	,	0	,	0	),
152	:	(	199	,	215	,	158	),
153	:	(	0	,	0	,	0	),
154	:	(	0	,	0	,	0	),
155	:	(	0	,	0	,	0	),
156	:	(	0	,	0	,	0	),
157	:	(	0	,	0	,	0	),
158	:	(	0	,	0	,	0	),
159	:	(	0	,	0	,	0	),
160	:	(	0	,	0	,	0	),
161	:	(	0	,	0	,	0	),
162	:	(	0	,	0	,	0	),
163	:	(	0	,	0	,	0	),
164	:	(	0	,	0	,	0	),
165	:	(	0	,	0	,	0	),
166	:	(	0	,	0	,	0	),
167	:	(	0	,	0	,	0	),
168	:	(	0	,	0	,	0	),
169	:	(	0	,	0	,	0	),
170	:	(	0	,	0	,	0	),
171	:	(	0	,	0	,	0	),
172	:	(	0	,	0	,	0	),
173	:	(	0	,	0	,	0	),
174	:	(	0	,	0	,	0	),
175	:	(	0	,	0	,	0	),
176	:	(	233	,	255	,	190	),
177	:	(	0	,	0	,	0	),
178	:	(	0	,	0	,	0	),
179	:	(	0	,	0	,	0	),
180	:	(	0	,	0	,	0	),
181	:	(	0	,	0	,	0	),
182	:	(	0	,	0	,	0	),
183	:	(	0	,	0	,	0	),
184	:	(	0	,	0	,	0	),
185	:	(	0	,	0	,	0	),
186	:	(	0	,	0	,	0	),
187	:	(	0	,	0	,	0	),
188	:	(	0	,	0	,	0	),
189	:	(	0	,	0	,	0	),
190	:	(	128	,	179	,	179	),
191	:	(	0	,	0	,	0	),
192	:	(	0	,	0	,	0	),
193	:	(	0	,	0	,	0	),
194	:	(	0	,	0	,	0	),
195	:	(	128	,	179	,	179	),
196	:	(	0	,	0	,	0	),
197	:	(	0	,	0	,	0	),
198	:	(	0	,	0	,	0	),
199	:	(	0	,	0	,	0	),
200	:	(	0	,	0	,	0	),
201	:	(	0	,	0	,	0	),
202	:	(	0	,	0	,	0	),
203	:	(	0	,	0	,	0	),
204	:	(	0	,	255	,	140	),
205	:	(	214	,	157	,	188	),
206	:	(	255	,	102	,	102	),
207	:	(	255	,	102	,	102	),
208	:	(	255	,	102	,	102	),
209	:	(	255	,	102	,	102	),
210	:	(	255	,	145	,	171	),
211	:	(	52	,	74	,	52	),
212	:	(	230	,	117	,	37	),
213	:	(	255	,	102	,	102	),
214	:	(	255	,	102	,	102	),
215	:	(	102	,	153	,	77	),
216	:	(	255	,	102	,	102	),
217	:	(	179	,	156	,	112	),
218	:	(	255	,	145	,	171	),
219	:	(	255	,	102	,	102	),
220	:	(	255	,	145	,	171	),
221	:	(	255	,	102	,	102	),
222	:	(	255	,	102	,	102	),
223	:	(	255	,	145	,	171	),
224	:	(	0	,	175	,	77	),
225	:	(	255	,	212	,	0	),
226	:	(	255	,	212	,	0	),
227	:	(	255	,	102	,	102	),
228	:	(	255	,	212	,	0	),
229	:	(	255	,	102	,	102	),
230	:	(	138	,	100	,	83	),
231	:	(	255	,	102	,	102	),
232	:	(	255	,	38	,	38	),
233	:	(	226	,	0	,	127	),
234	:	(	255	,	158	,	15	),
235	:	(	255	,	158	,	15	),
236	:	(	168	,	112	,	0	),
237	:	(	255	,	212	,	0	),
238	:	(	168	,	112	,	0	),
239	:	(	38	,	115	,	0	),
240	:	(	38	,	115	,	0	),
241	:	(	255	,	212	,	0	),
242	:	(	0	,	0	,	153	),
243	:	(	255	,	102	,	102	),
244	:	(	255	,	102	,	102	),
245	:	(	255	,	102	,	102	),
246	:	(	255	,	102	,	102	),
247	:	(	255	,	102	,	102	),
248	:	(	255	,	102	,	102	),
249	:	(	255	,	102	,	102	),
250	:	(	255	,	102	,	102	),
251	:	(	255	,	212	,	0	),
252	:	(	38	,	115	,	0	),
253	:	(	168	,	112	,	0	),
254	:	(	38	,	115	,	0	),
255	:	(	0	,	0	,	0	)
